import QtQuick
import QtQuick3D

Node {
    id: node

    scale.x: 100
    scale.y: 100
    scale.z: 100

    // Resources
    Texture {
        id: textures_FoxyMat_baseColor_png_texture
        objectName: "textures/FoxyMat_baseColor.png"
        generateMipmaps: true
        mipFilter: Texture.Linear
        source: "maps/FoxyMat_baseColor.png"
    }
    Texture {
        id: textures_FoxyMat_normal_png_texture
        objectName: "textures/FoxyMat_normal.png"
        generateMipmaps: true
        mipFilter: Texture.Linear
        source: "maps/FoxyMat_normal.png"
    }
    Texture {
        id: textures_EyeMat_baseColor_png_texture
        objectName: "textures/EyeMat_baseColor.png"
        generateMipmaps: true
        mipFilter: Texture.Linear
        source: "maps/EyeMat_baseColor.png"
    }
    Skin {
        id: skin
        joints: [
            _rootJoint,
            foxy_rig_v4_01,
            base_HumanPelvis_02,
            base_HumanLThigh_03,
            base_HumanLCalf_04,
            base_HumanLFoot_05,
            wiseparmak1_06,
            base_HumanRThigh_07,
            base_HumanRCalf_08,
            base_HumanRFoot_09,
            wiseparmak2_010,
            base_HumanSpine1_011,
            base_HumanSpine2_012,
            base_HumanSpine3_013,
            base_HumanLCollarbone_00,
            base_HumanLUpperarm_014,
            base_HumanLForearm1_015,
            base_HumanLForearm2_016,
            base_HumanLPalm_017,
            base_HumanLDigit11_018,
            base_HumanLDigit12_019,
            base_HumanLDigit13_020,
            base_HumanLDigit21_021,
            base_HumanLDigit22_022,
            base_HumanLDigit31_023,
            base_HumanLDigit32_024,
            base_HumanLDigit41_025,
            base_HumanLDigit42_026,
            base_HumanNeck_027,
            headPivot_028,
            base_HumanHead_029,
            mouth_030,
            base_HumanHeadBone001_031,
            base_HumanRCollarbone_032,
            base_HumanRUpperarm_033,
            base_HumanRForearm1_034,
            base_HumanRForearm2_035,
            base_HumanRPalm_036,
            base_HumanRDigit11_037,
            base_HumanRDigit12_038,
            base_HumanRDigit13_039,
            base_HumanRDigit21_040,
            base_HumanRDigit22_041,
            base_HumanRDigit31_042,
            base_HumanRDigit32_043,
            base_HumanRDigit41_044,
            base_HumanRDigit42_045
        ]
        inverseBindPoses: [
            Qt.matrix4x4(1, 0, 0, 0, 0, 1, 0, 0, 0, 0, 1, 0, 0, 0, 0, 1),
            Qt.matrix4x4(100, 0, 0, 0, 0, 100, 0, 0, 0, 0, 100, 0, 0, 0, 0, 1),
            Qt.matrix4x4(3.18323e-08, 0.999994, -0.00348977, -0.931729, 0.00796081, 0.00348966, 0.999962, 0.132363, 0.999968, -2.78133e-05, -0.00796076, 0.00685937, 0, 0, 0, 1),
            Qt.matrix4x4(0.0558433, -0.994916, 0.0838083, 0.909382, 0.233989, 0.0946426, 0.967621, 0.00332202, -0.970634, -0.0344249, 0.238085, 0.155352, 0, 0, 0, 1),
            Qt.matrix4x4(0.00580232, -0.979596, -0.200889, 0.484378, 0.15109, -0.197727, 0.968543, 0.163221, -0.988503, -0.0359723, 0.14686, 0.15075, 0, 0, 0, 1),
            Qt.matrix4x4(0.288184, -0.398055, 0.87092, 0.162854, 0.109497, 0.917238, 0.382993, -0.0994089, -0.951294, -0.0150096, 0.307919, 0.167862, 0, 0, 0, 1),
            Qt.matrix4x4(0.307501, -1.63115e-06, 0.951547, -0.0611422, 2.04947e-07, 1, 1.64797e-06, -0.0855049, -0.951548, -3.11737e-07, 0.307501, 0.166626, 0, 0, 0, 1),
            Qt.matrix4x4(-0.0561036, -0.995163, 0.0806365, 0.908211, -0.234005, 0.0916205, 0.967909, 0.000826105, -0.970615, 0.0354337, -0.238014, -0.170907, 0, 0, 0, 1),
            Qt.matrix4x4(-0.00667108, -0.979227, -0.202657, 0.48383, -0.15117, -0.199345, 0.968199, 0.161211, -0.988485, 0.0370946, -0.1467, -0.166676, 0, 0, 0, 1),
            Qt.matrix4x4(-0.287585, -0.398315, 0.870999, 0.158592, -0.109576, 0.91713, 0.383231, -0.10107, -0.951466, 0.0147707, -0.307399, -0.182983, 0, 0, 0, 1),
            Qt.matrix4x4(-0.3075, 1.24042e-06, 0.951548, -0.0658279, -1.75203e-07, 1, -1.3602e-06, -0.085497, -0.951548, -5.84975e-07, -0.3075, -0.181735, 0, 0, 0, 1),
            Qt.matrix4x4(0.00156663, 0.997898, 0.0647835, -0.951861, 0.00705014, -0.064793, 0.997874, 0.177492, 0.999974, -0.00110656, -0.00713683, 0.00799127, 0, 0, 0, 1),
            Qt.matrix4x4(-1.40761e-05, 0.977614, -0.210404, -1.14958, 0.00366848, 0.210403, 0.977608, -0.142128, 0.999993, -0.000758101, -0.00358932, 0.00795447, 0, 0, 0, 1),
            Qt.matrix4x4(-9.34579e-05, 0.959398, -0.282054, -1.2882, 0.000576556, 0.282054, 0.959398, -0.237974, 1, -7.29567e-05, -0.000579507, 0.0074682, 0, 0, 0, 1),
            Qt.matrix4x4(0.944793, -0.293646, -0.145389, 0.323138, 0.147702, -0.0144076, 0.988927, 0.153925, -0.292489, -0.955805, 0.02976, 1.38207, 0, 0, 0, 1),
            Qt.matrix4x4(0.928609, -0.271957, -0.252437, 0.169418, 0.246718, -0.0556182, 0.96749, 0.189807, -0.277155, -0.960701, 0.0154491, 1.38379, 0, 0, 0, 1),
            Qt.matrix4x4(0.934218, -0.219139, 0.28145, -0.0404174, -0.260714, 0.119012, 0.958053, 0.171291, -0.243443, -0.968408, 0.0540503, 1.38854, 0, 0, 0, 1),
            Qt.matrix4x4(0.934218, -0.219139, 0.28145, -0.19747, -0.263936, 0.106092, 0.958688, 0.189785, -0.239946, -0.969908, 0.0412748, 1.38614, 0, 0, 0, 1),
            Qt.matrix4x4(0.917848, -0.307138, 0.251438, -0.237322, 0.318527, 0.947901, -0.00486398, -1.40973, -0.236845, 0.0845542, 0.967861, 0.198574, 0, 0, 0, 1),
            Qt.matrix4x4(0.181336, -0.614612, 0.767704, 0.678937, -0.535572, 0.593005, 0.601255, -0.285361, -0.824791, -0.52019, -0.221635, 1.24876, 0, 0, 0, 1),
            Qt.matrix4x4(0.307962, -0.75353, 0.580819, 0.68998, -0.566025, 0.345579, 0.748459, 0.0402971, -0.764705, -0.559255, -0.320092, 1.24674, 0, 0, 0, 1),
            Qt.matrix4x4(0.466043, -0.830126, 0.306094, 0.607079, -0.424742, 0.0935746, 0.900466, 0.224971, -0.776143, -0.549667, -0.30898, 1.2445, 0, 0, 0, 1),
            Qt.matrix4x4(0.723446, -0.505057, 0.470684, 0.00403564, 0.522718, 0.846083, 0.104447, -1.45152, -0.450989, 0.170473, 0.876098, 0.214243, 0, 0, 0, 1),
            Qt.matrix4x4(0.32634, -0.882129, 0.339633, 0.741475, 0.830729, 0.439077, 0.3422, -1.24887, -0.45099, 0.17047, 0.876098, 0.21424, 0, 0, 0, 1),
            Qt.matrix4x4(0.717636, -0.608384, 0.338919, 0.115613, 0.612553, 0.782957, 0.108429, -1.45827, -0.331326, 0.129794, 0.934546, 0.214529, 0, 0, 0, 1),
            Qt.matrix4x4(0.130611, -0.974585, 0.182003, 1.02229, 0.93439, 0.182375, 0.306032, -1.04256, -0.331447, 0.130091, 0.934462, 0.214288, 0, 0, 0, 1),
            Qt.matrix4x4(0.391642, -0.865086, 0.313437, 0.72541, 0.905047, 0.423589, 0.0382426, -1.28482, -0.165852, 0.268698, 0.948839, -0.0375925, 0, 0, 0, 1),
            Qt.matrix4x4(-0.171025, -0.959482, 0.223929, 1.26897, 0.97196, -0.127074, 0.197852, -0.700237, -0.161379, 0.251488, 0.954311, -0.02139, 0, 0, 0, 1),
            Qt.matrix4x4(100, 0, 0, 0, 0, 100, 0, 0, 0, 0, 100, 0, 0, 0, 0, 1),
            Qt.matrix4x4(100, 0, 0, 0, 0, 100, 0, 0, 0, 0, 100, 0, 0, 0, 0, 1),
            Qt.matrix4x4(6.4868e-07, 1, -3.20393e-07, -1.69422, 2.62692e-05, 3.20377e-07, 1, 0.190525, 1, -6.48689e-07, -2.62692e-05, 0.00746305, 0, 0, 0, 1),
            Qt.matrix4x4(100, 0, 0, 0, 0, 100, 0, 0, 0, 0, 100, 0, 0, 0, 0, 1),
            Qt.matrix4x4(2.49574e-05, -0.311058, 0.950391, 0.640911, -7.84297e-06, -0.950391, -0.311058, 1.56876, 1, 3.09304e-07, -2.61589e-05, 0.00746151, 0, 0, 0, 1),
            Qt.matrix4x4(-0.944801, -0.293646, -0.145339, 0.309038, -0.14765, -0.0144076, 0.988934, 0.151722, -0.292491, 0.955805, -0.0297447, -1.38644, 0, 0, 0, 1),
            Qt.matrix4x4(-0.928622, -0.271957, -0.252389, 0.15556, -0.246667, -0.0556183, 0.967502, 0.186125, -0.277157, 0.9607, -0.0154345, -1.38792, 0, 0, 0, 1),
            Qt.matrix4x4(-0.934203, -0.21914, 0.2815, -0.0543586, 0.260765, 0.119012, 0.958038, 0.17518, -0.243446, 0.968408, -0.0540376, -1.39218, 0, 0, 0, 1),
            Qt.matrix4x4(-0.934203, -0.219139, 0.2815, -0.211412, 0.263987, 0.106093, 0.958673, 0.193723, -0.239948, 0.969908, -0.0412623, -1.38972, 0, 0, 0, 1),
            Qt.matrix4x4(-0.917835, -0.307138, 0.251487, -0.251017, -0.318527, 0.947901, -0.00484764, -1.41448, -0.236896, -0.0845547, -0.967848, -0.202107, 0, 0, 0, 1),
            Qt.matrix4x4(-0.181294, -0.614611, 0.767714, 0.676233, 0.535596, 0.593011, 0.601228, -0.27738, -0.824785, 0.520184, 0.221673, -1.26106, 0, 0, 0, 1),
            Qt.matrix4x4(-0.307927, -0.753529, 0.58084, 0.685388, 0.566057, 0.345591, 0.748429, 0.0487229, -0.764696, 0.55925, 0.320123, -1.25815, 0, 0, 0, 1),
            Qt.matrix4x4(-0.466022, -0.830126, 0.306126, 0.600128, 0.424789, 0.0935852, 0.900442, 0.231298, -0.776129, 0.549665, 0.309016, -1.25608, 0, 0, 0, 1),
            Qt.matrix4x4(-0.723425, -0.505051, 0.470723, -0.00677018, -0.522708, 0.846086, 0.104471, -1.45932, -0.451035, -0.170474, -0.876074, -0.220974, 0, 0, 0, 1),
            Qt.matrix4x4(-0.326319, -0.88213, 0.339649, 0.736613, -0.830711, 0.439074, 0.342246, -1.26126, -0.451037, -0.170469, -0.876074, -0.22097, 0, 0, 0, 1),
            Qt.matrix4x4(-0.717624, -0.608376, 0.338959, 0.104889, -0.61254, 0.782963, 0.108457, -1.46741, -0.331375, -0.129794, -0.934528, -0.219474, 0, 0, 0, 1),
            Qt.matrix4x4(-0.130587, -0.974587, 0.182006, 1.02036, -0.934376, 0.18236, 0.306084, -1.05649, -0.331496, -0.130091, -0.934444, -0.219232, 0, 0, 0, 1),
            Qt.matrix4x4(-0.391638, -0.86508, 0.313458, 0.719545, -0.905039, 0.423602, 0.0382874, -1.29833, -0.165903, -0.268697, -0.948829, 0.0351156, 0, 0, 0, 1),
            Qt.matrix4x4(0.171039, -0.959482, 0.22392, 1.27152, -0.97195, -0.127076, 0.197902, -0.714738, -0.161429, -0.251488, -0.954303, 0.0189871, 0, 0, 0, 1)
        ]
    }
    Skin {
        id: skin62
        joints: [
            _rootJoint,
            foxy_rig_v4_01,
            base_HumanPelvis_02,
            base_HumanLThigh_03,
            base_HumanLCalf_04,
            base_HumanLFoot_05,
            wiseparmak1_06,
            base_HumanRThigh_07,
            base_HumanRCalf_08,
            base_HumanRFoot_09,
            wiseparmak2_010,
            base_HumanSpine1_011,
            base_HumanSpine2_012,
            base_HumanSpine3_013,
            base_HumanLCollarbone_00,
            base_HumanLUpperarm_014,
            base_HumanLForearm1_015,
            base_HumanLForearm2_016,
            base_HumanLPalm_017,
            base_HumanLDigit11_018,
            base_HumanLDigit12_019,
            base_HumanLDigit13_020,
            base_HumanLDigit21_021,
            base_HumanLDigit22_022,
            base_HumanLDigit31_023,
            base_HumanLDigit32_024,
            base_HumanLDigit41_025,
            base_HumanLDigit42_026,
            base_HumanNeck_027,
            headPivot_028,
            base_HumanHead_029,
            mouth_030,
            base_HumanHeadBone001_031,
            base_HumanRCollarbone_032,
            base_HumanRUpperarm_033,
            base_HumanRForearm1_034,
            base_HumanRForearm2_035,
            base_HumanRPalm_036,
            base_HumanRDigit11_037,
            base_HumanRDigit12_038,
            base_HumanRDigit13_039,
            base_HumanRDigit21_040,
            base_HumanRDigit22_041,
            base_HumanRDigit31_042,
            base_HumanRDigit32_043,
            base_HumanRDigit41_044,
            base_HumanRDigit42_045
        ]
        inverseBindPoses: [
            Qt.matrix4x4(1, 0, 0, 0, 0, 1, 0, 0, 0, 0, 1, 0, 0, 0, 0, 1),
            Qt.matrix4x4(100, 0, 0, 0, 0, 100, 0, 0, 0, 0, 100, 0, 0, 0, 0, 1),
            Qt.matrix4x4(3.18323e-08, 0.999994, -0.00348977, -0.931729, 0.00796081, 0.00348966, 0.999962, 0.132363, 0.999968, -2.78133e-05, -0.00796076, 0.00685937, 0, 0, 0, 1),
            Qt.matrix4x4(0.0558433, -0.994916, 0.0838083, 0.909382, 0.233989, 0.0946426, 0.967621, 0.00332202, -0.970634, -0.0344249, 0.238085, 0.155352, 0, 0, 0, 1),
            Qt.matrix4x4(0.00580232, -0.979596, -0.200889, 0.484378, 0.15109, -0.197727, 0.968543, 0.163221, -0.988503, -0.0359723, 0.14686, 0.15075, 0, 0, 0, 1),
            Qt.matrix4x4(0.288184, -0.398055, 0.87092, 0.162854, 0.109497, 0.917238, 0.382993, -0.0994089, -0.951294, -0.0150096, 0.307919, 0.167862, 0, 0, 0, 1),
            Qt.matrix4x4(0.307501, -1.63115e-06, 0.951547, -0.0611422, 2.04947e-07, 1, 1.64797e-06, -0.0855049, -0.951548, -3.11737e-07, 0.307501, 0.166626, 0, 0, 0, 1),
            Qt.matrix4x4(-0.0561036, -0.995163, 0.0806365, 0.908211, -0.234005, 0.0916205, 0.967909, 0.000826105, -0.970615, 0.0354337, -0.238014, -0.170907, 0, 0, 0, 1),
            Qt.matrix4x4(-0.00667108, -0.979227, -0.202657, 0.48383, -0.15117, -0.199345, 0.968199, 0.161211, -0.988485, 0.0370946, -0.1467, -0.166676, 0, 0, 0, 1),
            Qt.matrix4x4(-0.287585, -0.398315, 0.870999, 0.158592, -0.109576, 0.91713, 0.383231, -0.10107, -0.951466, 0.0147707, -0.307399, -0.182983, 0, 0, 0, 1),
            Qt.matrix4x4(-0.3075, 1.24042e-06, 0.951548, -0.0658279, -1.75203e-07, 1, -1.3602e-06, -0.085497, -0.951548, -5.84975e-07, -0.3075, -0.181735, 0, 0, 0, 1),
            Qt.matrix4x4(0.00156663, 0.997898, 0.0647835, -0.951861, 0.00705014, -0.064793, 0.997874, 0.177492, 0.999974, -0.00110656, -0.00713683, 0.00799127, 0, 0, 0, 1),
            Qt.matrix4x4(-1.40761e-05, 0.977614, -0.210404, -1.14958, 0.00366848, 0.210403, 0.977608, -0.142128, 0.999993, -0.000758101, -0.00358932, 0.00795447, 0, 0, 0, 1),
            Qt.matrix4x4(-9.34579e-05, 0.959398, -0.282054, -1.2882, 0.000576556, 0.282054, 0.959398, -0.237974, 1, -7.29567e-05, -0.000579507, 0.0074682, 0, 0, 0, 1),
            Qt.matrix4x4(0.944793, -0.293646, -0.145389, 0.323138, 0.147702, -0.0144076, 0.988927, 0.153925, -0.292489, -0.955805, 0.02976, 1.38207, 0, 0, 0, 1),
            Qt.matrix4x4(0.928609, -0.271957, -0.252437, 0.169418, 0.246718, -0.0556182, 0.96749, 0.189807, -0.277155, -0.960701, 0.0154491, 1.38379, 0, 0, 0, 1),
            Qt.matrix4x4(0.934218, -0.219139, 0.28145, -0.0404174, -0.260714, 0.119012, 0.958053, 0.171291, -0.243443, -0.968408, 0.0540503, 1.38854, 0, 0, 0, 1),
            Qt.matrix4x4(0.934218, -0.219139, 0.28145, -0.19747, -0.263936, 0.106092, 0.958688, 0.189785, -0.239946, -0.969908, 0.0412748, 1.38614, 0, 0, 0, 1),
            Qt.matrix4x4(0.917848, -0.307138, 0.251438, -0.237322, 0.318527, 0.947901, -0.00486398, -1.40973, -0.236845, 0.0845542, 0.967861, 0.198574, 0, 0, 0, 1),
            Qt.matrix4x4(0.181336, -0.614612, 0.767704, 0.678937, -0.535572, 0.593005, 0.601255, -0.285361, -0.824791, -0.52019, -0.221635, 1.24876, 0, 0, 0, 1),
            Qt.matrix4x4(0.307962, -0.75353, 0.580819, 0.68998, -0.566025, 0.345579, 0.748459, 0.0402971, -0.764705, -0.559255, -0.320092, 1.24674, 0, 0, 0, 1),
            Qt.matrix4x4(0.466043, -0.830126, 0.306094, 0.607079, -0.424742, 0.0935746, 0.900466, 0.224971, -0.776143, -0.549667, -0.30898, 1.2445, 0, 0, 0, 1),
            Qt.matrix4x4(0.723446, -0.505057, 0.470684, 0.00403564, 0.522718, 0.846083, 0.104447, -1.45152, -0.450989, 0.170473, 0.876098, 0.214243, 0, 0, 0, 1),
            Qt.matrix4x4(0.32634, -0.882129, 0.339633, 0.741475, 0.830729, 0.439077, 0.3422, -1.24887, -0.45099, 0.17047, 0.876098, 0.21424, 0, 0, 0, 1),
            Qt.matrix4x4(0.717636, -0.608384, 0.338919, 0.115613, 0.612553, 0.782957, 0.108429, -1.45827, -0.331326, 0.129794, 0.934546, 0.214529, 0, 0, 0, 1),
            Qt.matrix4x4(0.130611, -0.974585, 0.182003, 1.02229, 0.93439, 0.182375, 0.306032, -1.04256, -0.331447, 0.130091, 0.934462, 0.214288, 0, 0, 0, 1),
            Qt.matrix4x4(0.391642, -0.865086, 0.313437, 0.72541, 0.905047, 0.423589, 0.0382426, -1.28482, -0.165852, 0.268698, 0.948839, -0.0375925, 0, 0, 0, 1),
            Qt.matrix4x4(-0.171025, -0.959482, 0.223929, 1.26897, 0.97196, -0.127074, 0.197852, -0.700237, -0.161379, 0.251488, 0.954311, -0.02139, 0, 0, 0, 1),
            Qt.matrix4x4(100, 0, 0, 0, 0, 100, 0, 0, 0, 0, 100, 0, 0, 0, 0, 1),
            Qt.matrix4x4(100, 0, 0, 0, 0, 100, 0, 0, 0, 0, 100, 0, 0, 0, 0, 1),
            Qt.matrix4x4(6.4868e-07, 1, -3.20393e-07, -1.69422, 2.62692e-05, 3.20377e-07, 1, 0.190525, 1, -6.48689e-07, -2.62692e-05, 0.00746305, 0, 0, 0, 1),
            Qt.matrix4x4(100, 0, 0, 0, 0, 100, 0, 0, 0, 0, 100, 0, 0, 0, 0, 1),
            Qt.matrix4x4(2.49574e-05, -0.311058, 0.950391, 0.640911, -7.84297e-06, -0.950391, -0.311058, 1.56876, 1, 3.09304e-07, -2.61589e-05, 0.00746151, 0, 0, 0, 1),
            Qt.matrix4x4(-0.944801, -0.293646, -0.145339, 0.309038, -0.14765, -0.0144076, 0.988934, 0.151722, -0.292491, 0.955805, -0.0297447, -1.38644, 0, 0, 0, 1),
            Qt.matrix4x4(-0.928622, -0.271957, -0.252389, 0.15556, -0.246667, -0.0556183, 0.967502, 0.186125, -0.277157, 0.9607, -0.0154345, -1.38792, 0, 0, 0, 1),
            Qt.matrix4x4(-0.934203, -0.21914, 0.2815, -0.0543586, 0.260765, 0.119012, 0.958038, 0.17518, -0.243446, 0.968408, -0.0540376, -1.39218, 0, 0, 0, 1),
            Qt.matrix4x4(-0.934203, -0.219139, 0.2815, -0.211412, 0.263987, 0.106093, 0.958673, 0.193723, -0.239948, 0.969908, -0.0412623, -1.38972, 0, 0, 0, 1),
            Qt.matrix4x4(-0.917835, -0.307138, 0.251487, -0.251017, -0.318527, 0.947901, -0.00484764, -1.41448, -0.236896, -0.0845547, -0.967848, -0.202107, 0, 0, 0, 1),
            Qt.matrix4x4(-0.181294, -0.614611, 0.767714, 0.676233, 0.535596, 0.593011, 0.601228, -0.27738, -0.824785, 0.520184, 0.221673, -1.26106, 0, 0, 0, 1),
            Qt.matrix4x4(-0.307927, -0.753529, 0.58084, 0.685388, 0.566057, 0.345591, 0.748429, 0.0487229, -0.764696, 0.55925, 0.320123, -1.25815, 0, 0, 0, 1),
            Qt.matrix4x4(-0.466022, -0.830126, 0.306126, 0.600128, 0.424789, 0.0935852, 0.900442, 0.231298, -0.776129, 0.549665, 0.309016, -1.25608, 0, 0, 0, 1),
            Qt.matrix4x4(-0.723425, -0.505051, 0.470723, -0.00677018, -0.522708, 0.846086, 0.104471, -1.45932, -0.451035, -0.170474, -0.876074, -0.220974, 0, 0, 0, 1),
            Qt.matrix4x4(-0.326319, -0.88213, 0.339649, 0.736613, -0.830711, 0.439074, 0.342246, -1.26126, -0.451037, -0.170469, -0.876074, -0.22097, 0, 0, 0, 1),
            Qt.matrix4x4(-0.717624, -0.608376, 0.338959, 0.104889, -0.61254, 0.782963, 0.108457, -1.46741, -0.331375, -0.129794, -0.934528, -0.219474, 0, 0, 0, 1),
            Qt.matrix4x4(-0.130587, -0.974587, 0.182006, 1.02036, -0.934376, 0.18236, 0.306084, -1.05649, -0.331496, -0.130091, -0.934444, -0.219232, 0, 0, 0, 1),
            Qt.matrix4x4(-0.391638, -0.86508, 0.313458, 0.719545, -0.905039, 0.423602, 0.0382874, -1.29833, -0.165903, -0.268697, -0.948829, 0.0351156, 0, 0, 0, 1),
            Qt.matrix4x4(0.171039, -0.959482, 0.22392, 1.27152, -0.97195, -0.127076, 0.197902, -0.714738, -0.161429, -0.251488, -0.954303, 0.0189871, 0, 0, 0, 1)
        ]
    }
    Skin {
        id: skin67
        joints: [
            _rootJoint,
            foxy_rig_v4_01,
            base_HumanPelvis_02,
            base_HumanLThigh_03,
            base_HumanLCalf_04,
            base_HumanLFoot_05,
            wiseparmak1_06,
            base_HumanRThigh_07,
            base_HumanRCalf_08,
            base_HumanRFoot_09,
            wiseparmak2_010,
            base_HumanSpine1_011,
            base_HumanSpine2_012,
            base_HumanSpine3_013,
            base_HumanLCollarbone_00,
            base_HumanLUpperarm_014,
            base_HumanLForearm1_015,
            base_HumanLForearm2_016,
            base_HumanLPalm_017,
            base_HumanLDigit11_018,
            base_HumanLDigit12_019,
            base_HumanLDigit13_020,
            base_HumanLDigit21_021,
            base_HumanLDigit22_022,
            base_HumanLDigit31_023,
            base_HumanLDigit32_024,
            base_HumanLDigit41_025,
            base_HumanLDigit42_026,
            base_HumanNeck_027,
            headPivot_028,
            base_HumanHead_029,
            mouth_030,
            base_HumanHeadBone001_031,
            base_HumanRCollarbone_032,
            base_HumanRUpperarm_033,
            base_HumanRForearm1_034,
            base_HumanRForearm2_035,
            base_HumanRPalm_036,
            base_HumanRDigit11_037,
            base_HumanRDigit12_038,
            base_HumanRDigit13_039,
            base_HumanRDigit21_040,
            base_HumanRDigit22_041,
            base_HumanRDigit31_042,
            base_HumanRDigit32_043,
            base_HumanRDigit41_044,
            base_HumanRDigit42_045
        ]
        inverseBindPoses: [
            Qt.matrix4x4(1, 0, 0, 0, 0, 1, 0, 0, 0, 0, 1, 0, 0, 0, 0, 1),
            Qt.matrix4x4(100, 0, 0, 0, 0, 100, 0, 0, 0, 0, 100, 0, 0, 0, 0, 1),
            Qt.matrix4x4(3.18323e-08, 0.999994, -0.00348977, -0.931729, 0.00796081, 0.00348966, 0.999962, 0.132363, 0.999968, -2.78133e-05, -0.00796076, 0.00685937, 0, 0, 0, 1),
            Qt.matrix4x4(0.0558433, -0.994916, 0.0838083, 0.909382, 0.233989, 0.0946426, 0.967621, 0.00332202, -0.970634, -0.0344249, 0.238085, 0.155352, 0, 0, 0, 1),
            Qt.matrix4x4(0.00580232, -0.979596, -0.200889, 0.484378, 0.15109, -0.197727, 0.968543, 0.163221, -0.988503, -0.0359723, 0.14686, 0.15075, 0, 0, 0, 1),
            Qt.matrix4x4(0.288184, -0.398055, 0.87092, 0.162854, 0.109497, 0.917238, 0.382993, -0.0994089, -0.951294, -0.0150096, 0.307919, 0.167862, 0, 0, 0, 1),
            Qt.matrix4x4(0.307501, -1.63115e-06, 0.951547, -0.0611422, 2.04947e-07, 1, 1.64797e-06, -0.0855049, -0.951548, -3.11737e-07, 0.307501, 0.166626, 0, 0, 0, 1),
            Qt.matrix4x4(-0.0561036, -0.995163, 0.0806365, 0.908211, -0.234005, 0.0916205, 0.967909, 0.000826105, -0.970615, 0.0354337, -0.238014, -0.170907, 0, 0, 0, 1),
            Qt.matrix4x4(-0.00667108, -0.979227, -0.202657, 0.48383, -0.15117, -0.199345, 0.968199, 0.161211, -0.988485, 0.0370946, -0.1467, -0.166676, 0, 0, 0, 1),
            Qt.matrix4x4(-0.287585, -0.398315, 0.870999, 0.158592, -0.109576, 0.91713, 0.383231, -0.10107, -0.951466, 0.0147707, -0.307399, -0.182983, 0, 0, 0, 1),
            Qt.matrix4x4(-0.3075, 1.24042e-06, 0.951548, -0.0658279, -1.75203e-07, 1, -1.3602e-06, -0.085497, -0.951548, -5.84975e-07, -0.3075, -0.181735, 0, 0, 0, 1),
            Qt.matrix4x4(0.00156663, 0.997898, 0.0647835, -0.951861, 0.00705014, -0.064793, 0.997874, 0.177492, 0.999974, -0.00110656, -0.00713683, 0.00799127, 0, 0, 0, 1),
            Qt.matrix4x4(-1.40761e-05, 0.977614, -0.210404, -1.14958, 0.00366848, 0.210403, 0.977608, -0.142128, 0.999993, -0.000758101, -0.00358932, 0.00795447, 0, 0, 0, 1),
            Qt.matrix4x4(-9.34579e-05, 0.959398, -0.282054, -1.2882, 0.000576556, 0.282054, 0.959398, -0.237974, 1, -7.29567e-05, -0.000579507, 0.0074682, 0, 0, 0, 1),
            Qt.matrix4x4(0.944793, -0.293646, -0.145389, 0.323138, 0.147702, -0.0144076, 0.988927, 0.153925, -0.292489, -0.955805, 0.02976, 1.38207, 0, 0, 0, 1),
            Qt.matrix4x4(0.928609, -0.271957, -0.252437, 0.169418, 0.246718, -0.0556182, 0.96749, 0.189807, -0.277155, -0.960701, 0.0154491, 1.38379, 0, 0, 0, 1),
            Qt.matrix4x4(0.934218, -0.219139, 0.28145, -0.0404174, -0.260714, 0.119012, 0.958053, 0.171291, -0.243443, -0.968408, 0.0540503, 1.38854, 0, 0, 0, 1),
            Qt.matrix4x4(0.934218, -0.219139, 0.28145, -0.19747, -0.263936, 0.106092, 0.958688, 0.189785, -0.239946, -0.969908, 0.0412748, 1.38614, 0, 0, 0, 1),
            Qt.matrix4x4(0.917848, -0.307138, 0.251438, -0.237322, 0.318527, 0.947901, -0.00486398, -1.40973, -0.236845, 0.0845542, 0.967861, 0.198574, 0, 0, 0, 1),
            Qt.matrix4x4(0.181336, -0.614612, 0.767704, 0.678937, -0.535572, 0.593005, 0.601255, -0.285361, -0.824791, -0.52019, -0.221635, 1.24876, 0, 0, 0, 1),
            Qt.matrix4x4(0.307962, -0.75353, 0.580819, 0.68998, -0.566025, 0.345579, 0.748459, 0.0402971, -0.764705, -0.559255, -0.320092, 1.24674, 0, 0, 0, 1),
            Qt.matrix4x4(0.466043, -0.830126, 0.306094, 0.607079, -0.424742, 0.0935746, 0.900466, 0.224971, -0.776143, -0.549667, -0.30898, 1.2445, 0, 0, 0, 1),
            Qt.matrix4x4(0.723446, -0.505057, 0.470684, 0.00403564, 0.522718, 0.846083, 0.104447, -1.45152, -0.450989, 0.170473, 0.876098, 0.214243, 0, 0, 0, 1),
            Qt.matrix4x4(0.32634, -0.882129, 0.339633, 0.741475, 0.830729, 0.439077, 0.3422, -1.24887, -0.45099, 0.17047, 0.876098, 0.21424, 0, 0, 0, 1),
            Qt.matrix4x4(0.717636, -0.608384, 0.338919, 0.115613, 0.612553, 0.782957, 0.108429, -1.45827, -0.331326, 0.129794, 0.934546, 0.214529, 0, 0, 0, 1),
            Qt.matrix4x4(0.130611, -0.974585, 0.182003, 1.02229, 0.93439, 0.182375, 0.306032, -1.04256, -0.331447, 0.130091, 0.934462, 0.214288, 0, 0, 0, 1),
            Qt.matrix4x4(0.391642, -0.865086, 0.313437, 0.72541, 0.905047, 0.423589, 0.0382426, -1.28482, -0.165852, 0.268698, 0.948839, -0.0375925, 0, 0, 0, 1),
            Qt.matrix4x4(-0.171025, -0.959482, 0.223929, 1.26897, 0.97196, -0.127074, 0.197852, -0.700237, -0.161379, 0.251488, 0.954311, -0.02139, 0, 0, 0, 1),
            Qt.matrix4x4(100, 0, 0, 0, 0, 100, 0, 0, 0, 0, 100, 0, 0, 0, 0, 1),
            Qt.matrix4x4(100, 0, 0, 0, 0, 100, 0, 0, 0, 0, 100, 0, 0, 0, 0, 1),
            Qt.matrix4x4(6.4868e-07, 1, -3.20393e-07, -1.69422, 2.62692e-05, 3.20377e-07, 1, 0.190525, 1, -6.48689e-07, -2.62692e-05, 0.00746305, 0, 0, 0, 1),
            Qt.matrix4x4(100, 0, 0, 0, 0, 100, 0, 0, 0, 0, 100, 0, 0, 0, 0, 1),
            Qt.matrix4x4(2.49574e-05, -0.311058, 0.950391, 0.640911, -7.84297e-06, -0.950391, -0.311058, 1.56876, 1, 3.09304e-07, -2.61589e-05, 0.00746151, 0, 0, 0, 1),
            Qt.matrix4x4(-0.944801, -0.293646, -0.145339, 0.309038, -0.14765, -0.0144076, 0.988934, 0.151722, -0.292491, 0.955805, -0.0297447, -1.38644, 0, 0, 0, 1),
            Qt.matrix4x4(-0.928622, -0.271957, -0.252389, 0.15556, -0.246667, -0.0556183, 0.967502, 0.186125, -0.277157, 0.9607, -0.0154345, -1.38792, 0, 0, 0, 1),
            Qt.matrix4x4(-0.934203, -0.21914, 0.2815, -0.0543586, 0.260765, 0.119012, 0.958038, 0.17518, -0.243446, 0.968408, -0.0540376, -1.39218, 0, 0, 0, 1),
            Qt.matrix4x4(-0.934203, -0.219139, 0.2815, -0.211412, 0.263987, 0.106093, 0.958673, 0.193723, -0.239948, 0.969908, -0.0412623, -1.38972, 0, 0, 0, 1),
            Qt.matrix4x4(-0.917835, -0.307138, 0.251487, -0.251017, -0.318527, 0.947901, -0.00484764, -1.41448, -0.236896, -0.0845547, -0.967848, -0.202107, 0, 0, 0, 1),
            Qt.matrix4x4(-0.181294, -0.614611, 0.767714, 0.676233, 0.535596, 0.593011, 0.601228, -0.27738, -0.824785, 0.520184, 0.221673, -1.26106, 0, 0, 0, 1),
            Qt.matrix4x4(-0.307927, -0.753529, 0.58084, 0.685388, 0.566057, 0.345591, 0.748429, 0.0487229, -0.764696, 0.55925, 0.320123, -1.25815, 0, 0, 0, 1),
            Qt.matrix4x4(-0.466022, -0.830126, 0.306126, 0.600128, 0.424789, 0.0935852, 0.900442, 0.231298, -0.776129, 0.549665, 0.309016, -1.25608, 0, 0, 0, 1),
            Qt.matrix4x4(-0.723425, -0.505051, 0.470723, -0.00677018, -0.522708, 0.846086, 0.104471, -1.45932, -0.451035, -0.170474, -0.876074, -0.220974, 0, 0, 0, 1),
            Qt.matrix4x4(-0.326319, -0.88213, 0.339649, 0.736613, -0.830711, 0.439074, 0.342246, -1.26126, -0.451037, -0.170469, -0.876074, -0.22097, 0, 0, 0, 1),
            Qt.matrix4x4(-0.717624, -0.608376, 0.338959, 0.104889, -0.61254, 0.782963, 0.108457, -1.46741, -0.331375, -0.129794, -0.934528, -0.219474, 0, 0, 0, 1),
            Qt.matrix4x4(-0.130587, -0.974587, 0.182006, 1.02036, -0.934376, 0.18236, 0.306084, -1.05649, -0.331496, -0.130091, -0.934444, -0.219232, 0, 0, 0, 1),
            Qt.matrix4x4(-0.391638, -0.86508, 0.313458, 0.719545, -0.905039, 0.423602, 0.0382874, -1.29833, -0.165903, -0.268697, -0.948829, 0.0351156, 0, 0, 0, 1),
            Qt.matrix4x4(0.171039, -0.959482, 0.22392, 1.27152, -0.97195, -0.127076, 0.197902, -0.714738, -0.161429, -0.251488, -0.954303, 0.0189871, 0, 0, 0, 1)
        ]
    }

    // Nodes:
    Node {
        id: sketchfab_model
        objectName: "Sketchfab_model"
        rotation: Qt.quaternion(0.707107, -0.707107, 0, 0)
        Node {
            id: node0ef981cbcb3643dc9bc4ca8b1010ef6c_fbx
            objectName: "0ef981cbcb3643dc9bc4ca8b1010ef6c.fbx"
            rotation: Qt.quaternion(0.707107, 0.707107, 0, 0)
            scale.x: 0.01
            scale.y: 0.01
            scale.z: 0.01
            Node {
                id: rootNode
                objectName: "RootNode"
                Node {
                    id: foxy
                    objectName: "Foxy"
                    x: -0.7912596464157104
                    y: 1.1341545581817627
                    z: -8.99013900756836
                    rotation: Qt.quaternion(1, -3.7749e-08, 0, 0)
                    scale.x: 100
                    scale.y: 100
                    scale.z: 100
                    Node {
                        id: object_4
                        objectName: "Object_4"
                        Node {
                            id: _rootJoint
                            objectName: "_rootJoint"
                            Node {
                                id: foxy_rig_v4_01
                                objectName: "foxy_rig_v4_01"
                                y: 0.07400000840425491
                                z: -1.3877787807814457e-17
                                scale.x: 1
                                scale.y: 1
                                scale.z: 1
                                Node {
                                    id: base_HumanPelvis_02
                                    objectName: "Base HumanPelvis_02"
                                    x: -4.884437743157832e-08
                                    y: 0.8459195494651794
                                    z: -0.04565282538533211
                                    rotation: Qt.quaternion(0.498881, 0.501117, 0.502855, 0.497129)
                                    scale.x: 1
                                    scale.y: 1
                                    scale.z: 1
                                    Node {
                                        id: base_HumanLThigh_03
                                        objectName: "Base HumanLThigh_03"
                                        x: -0.02153543382883072
                                        y: 0.01991548389196396
                                        z: 0.1069871261715889
                                        rotation: Qt.quaternion(-0.0227932, 0.0433515, 0.992154, 0.11503)
                                        scale.x: 1
                                        scale.y: 1
                                        scale.z: 0.999999
                                        Node {
                                            id: base_HumanLCalf_04
                                            objectName: "Base HumanLCalf_04"
                                            x: 0.39963316917419434
                                            y: 1.8076971173286438e-06
                                            z: 2.546468749642372e-06
                                            rotation: Qt.quaternion(0.988363, 0.046427, 0.00355652, -0.14481)
                                            scale.x: 1
                                            scale.y: 1
                                            scale.z: 1
                                            Node {
                                                id: base_HumanLFoot_05
                                                objectName: "Base HumanLFoot_05"
                                                x: 0.3610312044620514
                                                y: 2.096407115459442e-05
                                                z: -0.0001249280758202076
                                                rotation: Qt.quaternion(0.775966, -0.0777999, 0.028295, 0.625318)
                                                scale.x: 1
                                                scale.y: 1
                                                scale.z: 1
                                                Node {
                                                    id: wiseparmak1_06
                                                    objectName: "wiseparmak1_06"
                                                    x: 0.18601280450820923
                                                    y: 0.0010952875018119812
                                                    z: 7.3445262387394905e-06
                                                    rotation: Qt.quaternion(0.979096, -0.00723002, -0.00142171, 0.203265)
                                                    scale.x: 1
                                                    scale.y: 1
                                                    scale.z: 1
                                                }
                                            }
                                        }
                                    }
                                    Node {
                                        id: base_HumanRThigh_07
                                        objectName: "Base HumanRThigh_07"
                                        x: -0.02153589203953743
                                        y: 0.019915498793125153
                                        z: -0.10698708891868591
                                        rotation: Qt.quaternion(0.0234524, 0.041605, 0.991269, -0.1229)
                                        scale.x: 1
                                        scale.y: 0.999999
                                        scale.z: 1
                                        Node {
                                            id: base_HumanRCalf_08
                                            objectName: "Base HumanRCalf_08"
                                            x: 0.39963364601135254
                                            y: 1.9669532775878906e-06
                                            z: -2.3292377591133118e-06
                                            rotation: Qt.quaternion(0.988487, -0.0464076, -0.00336122, -0.143971)
                                            scale.x: 1
                                            scale.y: 1
                                            scale.z: 1
                                            Node {
                                                id: base_HumanRFoot_09
                                                objectName: "Base HumanRFoot_09"
                                                x: 0.3610308766365051
                                                y: 2.60770320892334e-07
                                                z: 3.119930624961853e-08
                                                rotation: Qt.quaternion(0.775627, 0.0782715, -0.0282124, 0.625684)
                                                scale.x: 1
                                                scale.y: 1
                                                scale.z: 1
                                                Node {
                                                    id: wiseparmak2_010
                                                    objectName: "wiseparmak2_010"
                                                    x: 0.18597497045993805
                                                    y: 0.0011228341609239578
                                                    z: -6.65104016661644e-06
                                                    rotation: Qt.quaternion(0.979048, 0.00724123, 0.00148033, 0.203497)
                                                    scale.x: 1
                                                    scale.y: 1
                                                    scale.z: 1
                                                }
                                            }
                                        }
                                    }
                                    Node {
                                        id: base_HumanSpine1_011
                                        objectName: "Base HumanSpine1_011"
                                        x: 0.030037252232432365
                                        y: 0.020267130807042122
                                        z: -1.5736077330075204e-08
                                        rotation: Qt.quaternion(0.999416, -0.000427863, -0.000526469, 0.0341576)
                                        scale.x: 1
                                        scale.y: 1
                                        scale.z: 1
                                        Node {
                                            id: base_HumanSpine2_012
                                            objectName: "Base HumanSpine2_012"
                                            x: 0.19279493391513824
                                            y: -3.911509338649921e-09
                                            z: -2.4665496312081814e-09
                                            rotation: Qt.quaternion(0.990435, -0.00178214, 4.32872e-05, -0.137969)
                                            scale.x: 1
                                            scale.y: 1
                                            scale.z: 1
                                            Node {
                                                id: base_HumanSpine3_013
                                                objectName: "Base HumanSpine3_013"
                                                x: 0.15267540514469147
                                                y: 6.137952368590049e-10
                                                z: 5.9371814131736755e-09
                                                rotation: Qt.quaternion(0.999315, -0.00154339, -3.87876e-05, -0.036965)
                                                scale.x: 1
                                                scale.y: 1
                                                scale.z: 1
                                                Node {
                                                    id: base_HumanLCollarbone_00
                                                    objectName: "Base HumanLCollarbone_00"
                                                    x: 0.11360277980566025
                                                    y: 0.021623089909553528
                                                    z: 0.0836574137210846
                                                    rotation: Qt.quaternion(0.594044, 0.163429, -0.787089, 0.0298807)
                                                    scale.x: 1
                                                    scale.y: 1
                                                    scale.z: 1
                                                    Node {
                                                        id: base_HumanLUpperarm_014
                                                        objectName: "Base HumanLUpperarm_014"
                                                        x: 0.10919219255447388
                                                        y: 2.2351741790771484e-08
                                                        z: -8.521601557731628e-08
                                                        rotation: Qt.quaternion(0.99846, 0.00541018, 0.00931147, -0.054417)
                                                        scale.x: 1
                                                        scale.y: 1
                                                        scale.z: 1
                                                        Node {
                                                            id: base_HumanLForearm1_015
                                                            objectName: "Base HumanLForearm1_015"
                                                            x: 0.25960874557495117
                                                            y: 1.4901161193847656e-07
                                                            z: -1.234002411365509e-08
